5 12
42.13112
222.13412
44.43112
45.43112122
46.131
46.13112
222.13412
44.43112
45.43112122
46.131
46.13112
222.13412
44.43112
45.43112122
46.131
46.13112
222.13412
44.43112
45.43112122
46.131
46.13112
222.13412
44.43112
9999.43112122
46.131
46.13112
42.13112
222.13412
44.43112
45.43112122
46.131
46.13112
222.13412
44.43112
45.43112122
46.131
46.13112
222.13412
44.43112
45.43112122
46.131
46.13112
222.13412
44.43112
45.43112122
46.131
46.13112
222.13412
44.43112
45.43112122
46.131
46.13112
42.13112
222.13412
44.43112
45.43112122
46.131
46.13112
222.13412
44.43112
45.43112122
46.131
46.13112
222.13412
44.43112
45.43112122
46.131
46.13112
222.13412
44.43112
45.43112122
46.131
46.13112
222.13412
44.43112
45.43112122
46.131
46.13112
42.13112
222.13412
44.43112
45.43112122
46.131
46.13112
222.13412
44.43112
45.43112122
46.131
46.13112
222.13412
44.43112
45.43112122
46.131
46.13112
222.13412
44.43112
45.43112122
46.131
46.13112
222.13412
44.43112
45.43112122
46.131
46.13112
42.13112
222.13412
44.43112
45.43112122
46.131
46.13112
222.13412
44.43112
45.43112122
46.131
46.13112
222.13412
44.43112
45.43112122
46.131
46.13112
222.13412
44.43112
45.43112122
46.131
46.13112
222.13412
44.43112
45.43112122
46.131
46.13112
42.13112
222.13412
44.43112
45.43112122
46.131
46.13112
222.13412
44.43112
45.43112122
46.131
46.13112
222.13412
44.43112
45.43112122
46.131
46.13112
222.13412
44.43112
45.43112122
46.131
46.13112
222.13412
44.43112
45.43112122
46.131
46.13112
42.13112
222.13412
44.43112
45.43112122
46.131
46.13112
222.13412
44.43112
45.43112122
46.131
46.13112
222.13412
499994.43112
45.43112122
46.131
46.13112
222.13412
44.43112
45.43112122
46.131
46.13112
222.13412
44.43112
45.43112122
46.131
46.13112
42.13112
222.13412
44.43112
45.43112122
46.131
46.13112
222.13412
44.43112
45.43112122
46.131
46.13112
222.13412
44.43112
45.43112122
46.131
46.13112
222.13412
44.43112
45.43112122
46.131
46.13112
222.13412
44.43112
45.43112122
46.131
46.13112
42.13112
222.13412
44.43112
45.43112122
46.131
46.13112
222.13412
44.43112
45.43112122
46.131
46.13112
222.13412
44.43112
45.43112122
46.131
46.13112
222.13412
44.43112
45.43112122
46.131
46.13112
222.13412
44.43112
9945.43112122
46.131
46.13112
42.13112
222.13412
44.43112
45.43112122
46.131
46.13112
222.13412
44.43112
45.43112122
46.131
46.13112
222.13412
44.43112
45.43112122
46.131
46.13112
222.13412
44.43112
45.43112122
46.131
46.13112
222.13412
44.43112
45.43112122
46.131
46.13112
